8
45
628 24 927 980 772 204 843 692 978 634 416 734 76 96 301 69 381 989 29 641 769 589 287 122 208 130 706 934 65 806 639 557 660 70 163 159 48 336 595 278 13 670 227 713 545 
31
259 887 93 703 959 355 217 562 643 850 425 471 602 688 274 197 115 317 983 164 793 40 267 154 256 512 624 47 439 141 473 
19
453 900 778 729 209 284 265 651 742 870 816 736 219 604 155 335 417 159 376 
78
857 807 109 527 862 850 939 898 660 508 65 461 53 920 203 976 939 946 78 672 32 556 691 380 439 830 379 274 761 195 886 975 596 486 55 902 729 698 108 603 127 846 881 385 405 486 197 729 727 953 264 427 92 648 401 550 240 891 807 57 867 174 943 488 944 250 986 652 328 600 95 470 461 195 264 480 659 788 
90
284 599 118 611 809 844 925 394 632 985 119 150 253 945 528 938 429 862 804 571 901 778 204 312 425 532 332 71 125 612 225 145 811 722 138 901 422 616 418 724 455 146 266 750 768 807 569 960 390 648 800 101 400 450 910 28 115 882 164 960 431 598 354 173 568 242 813 659 422 565 987 60 949 894 286 997 11 273 245 787 659 460 884 903 191 26 596 757 625 622 
12
818 443 46 896 788 596 239 603 173 611 563 791 
17
672 221 257 953 902 127 575 256 170 138 812 38 801 678 174 446 194 
99
99 825 763 760 537 467 688 611 112 21 841 56 8 62 166 158 476 766 80 957 755 78 695 898 300 11 344 734 352 193 598 457 869 692 84 302 326 753 891 573 286 888 464 213 363 297 289 102 869 659 280 452 45 909 991 332 463 875 505 403 444 313 610 919 689 366 542 234 395 748 163 35 618 936 401 664 243 654 577 193 149 314 270 429 479 164 864 587 709 2 920 785 958 175 421 220 730 86 719 
