5
218
2140 1691 744 2210 2301 1264 2050 1834 583 632 2147 605 968 2035 1528 181 1504 1113 178 13 1164 675 2190 1698 349 862 1511 737 489 135 1356 281 1611 1257 1968 157 1176 1721 445 2362 170 489 1888 451 1730 785 2281 188 993 318 1139 855 1482 482 1597 1512 2321 2357 1287 2098 983 1872 362 1345 2041 556 2285 609 1289 1558 48 972 746 344 726 277 809 2494 173 142 2098 2068 938 1681 1098 1310 2494 1578 2428 133 333 2133 5 1653 1129 370 232 677 778 2245 1074 306 1487 1424 1952 677 1241 1432 515 1946 690 2271 938 1823 443 1025 1417 537 2244 2464 1010 1792 2445 1878 2017 1827 1337 718 2170 996 250 1029 343 2137 984 1118 191 2204 1050 34 20 2250 346 2179 1733 112 833 711 2272 595 131 914 1919 956 890 1492 1349 2285 2168 821 1361 2339 1333 2044 1017 2153 2296 1356 1283 1668 1774 1517 1875 1204 2322 1329 2086 1400 1110 234 881 1123 2306 2098 500 2323 1242 632 1356 863 410 816 1432 1336 2173 2131 408 878 1410 2474 637 544 2225 1879 2406 412 2165 991 583 519 2368 1652 339 633 1561 1224 1811 1850 
193
1775 219 340 2155 619 1050 2237 1029 2260 719 850 1976 554 2150 916 781 437 2133 1633 2267 1499 1866 759 1095 586 319 1280 1114 2455 1968 1402 2124 2384 2277 1532 830 604 717 396 224 2208 1004 1674 559 1544 1988 2177 1770 850 1400 1260 1928 2048 2150 303 1815 913 2241 313 889 2040 1575 1996 1811 1722 602 181 219 632 126 56 2039 1446 2489 579 1365 1926 1543 2101 366 2009 1886 1548 1543 2097 554 1302 917 743 710 190 2363 2078 1428 1820 1238 1245 62 815 2389 2065 37 1592 446 345 968 60 1799 1140 1199 394 461 1266 421 149 489 2292 1982 2132 1810 416 936 408 1547 2248 857 1399 2341 69 540 2147 1632 1854 190 2080 272 1120 499 884 1160 1458 1641 327 1562 548 2485 452 1998 680 2117 172 1795 1255 103 2458 1129 56 287 1204 1290 2218 806 1827 1401 822 1722 762 1071 2194 981 1498 1370 791 474 881 365 1778 714 1548 1868 513 1491 551 458 741 1324 1008 2164 1862 2294 2139 2300 2147 
105
1941 394 454 1254 1203 154 397 304 1903 1426 1188 1145 101 1544 778 636 1042 1918 1348 767 1891 646 1646 1196 1179 480 1817 1919 1294 259 1558 714 1980 2037 1154 681 984 844 1319 1793 2127 215 969 814 2302 169 2490 1501 5 1841 1259 121 743 1683 2027 71 2061 735 983 2045 1574 2030 1679 270 2283 1782 1533 1750 1122 148 321 1016 1807 326 1862 1584 1960 1975 1652 49 1773 985 2248 1845 1067 2285 2360 1303 1963 500 184 871 560 637 595 1613 292 2092 949 168 1810 849 577 555 1949 
52
1047 1924 952 1730 2450 2345 2486 2186 2213 2307 2489 2084 356 497 458 260 254 209 1478 126 1063 240 1926 1865 2001 1673 957 1628 2137 439 300 559 1766 1678 925 925 1973 2434 2265 80 792 790 114 197 1784 1364 800 2137 374 797 167 2329 
115
1108 908 1098 1442 91 894 1973 252 127 2190 697 1583 1641 492 1444 1305 2392 176 412 2374 1109 1102 1538 33 263 226 1478 2337 1545 2259 502 672 1251 1672 903 2261 1389 2010 1656 408 664 546 338 57 762 2298 245 744 737 645 2312 2138 1693 1188 145 1702 246 1802 695 709 555 156 2152 1834 1202 66 336 125 1075 1635 448 1995 1053 1741 186 85 2435 973 197 2095 456 856 1134 408 2272 2494 2214 1236 2068 1747 784 1387 1599 1680 745 1316 1060 433 1759 980 2407 2032 1670 285 1262 1294 460 1567 409 871 351 2248 1350 1814 2497 
