7
88
783 555 464 388 376 884 328 357 55 524 845 172 919 361 204 839 804 50 658 593 984 735 862 225 893 439 407 318 502 670 729 985 746 114 941 405 28 849 194 850 435 48 548 989 669 687 352 594 285 381 174 789 563 582 566 748 345 263 192 855 606 241 496 792 418 76 239 528 344 639 264 635 95 79 734 273 150 283 928 649 423 673 899 882 398 857 675 833 
190
526 860 516 686 954 934 914 888 190 876 207 266 91 476 835 700 244 267 231 823 398 715 817 858 667 258 434 773 363 791 233 83 191 54 724 454 681 214 84 143 655 63 915 758 42 939 202 545 329 489 561 851 547 320 572 828 92 840 883 351 42 493 343 199 602 81 869 51 747 189 458 505 601 137 341 589 48 768 438 931 667 294 229 388 639 697 50 876 783 764 105 868 896 68 700 520 123 974 261 554 774 489 885 920 731 817 843 437 411 640 613 666 154 320 206 34 951 594 243 330 626 682 129 329 116 483 874 266 87 423 323 925 910 916 74 916 500 723 255 637 458 429 733 416 78 191 599 86 114 955 341 451 670 836 382 168 810 543 234 451 662 842 973 908 692 357 646 445 362 451 983 502 688 549 950 797 948 327 568 121 319 107 385 669 435 891 594 506 813 868 
114
559 234 129 659 281 715 89 189 421 197 354 723 666 658 25 109 386 970 625 255 971 562 803 391 650 239 942 128 490 960 69 515 528 609 939 419 252 87 846 805 103 594 836 787 183 187 918 180 466 722 177 11 672 276 457 910 953 791 175 40 306 852 716 951 453 317 456 156 168 85 827 996 985 480 963 60 280 986 617 380 200 442 112 770 120 194 301 348 218 466 39 578 595 929 909 588 710 566 845 568 596 130 244 792 855 447 222 976 373 197 208 883 9 447 
13
130 163 921 410 774 862 739 496 353 673 899 215 722 
162
592 347 988 137 12 660 874 634 238 164 309 368 954 671 973 629 181 884 2 707 595 514 768 265 644 968 341 918 58 104 697 214 325 789 453 992 54 305 440 555 2 258 815 749 197 813 658 256 396 459 967 86 629 17 758 692 649 333 75 240 540 719 637 639 699 134 253 741 865 780 98 860 486 660 48 88 702 305 620 589 581 774 441 807 548 825 881 756 464 807 944 476 389 945 515 701 114 214 46 67 108 978 585 348 34 17 669 369 786 342 938 75 304 916 798 313 274 491 641 950 784 127 251 479 57 679 524 619 259 875 229 530 220 669 964 288 634 365 950 720 85 451 853 772 853 938 636 818 473 404 97 805 484 937 786 659 808 746 426 424 296 197 
126
982 305 227 610 170 590 377 335 947 352 742 281 619 916 48 240 379 358 843 95 666 695 735 618 853 653 515 855 736 910 459 567 553 835 10 996 709 767 318 704 42 444 659 841 387 373 131 196 298 808 552 30 101 964 5 932 492 962 40 489 955 661 198 866 512 564 57 430 17 836 25 397 31 191 286 765 49 286 423 719 3 78 486 857 708 575 368 296 488 437 933 689 230 959 985 888 306 828 374 228 233 456 59 294 707 198 743 994 68 433 519 957 676 848 708 541 932 577 276 378 158 776 989 983 922 285 
167
929 610 727 630 518 373 757 847 73 622 294 905 341 283 233 555 811 384 472 389 846 854 100 285 163 966 729 488 400 871 335 972 586 287 505 570 12 43 58 24 664 546 844 801 538 104 393 252 968 518 425 690 935 461 137 218 510 406 593 257 249 329 500 872 53 154 705 415 381 869 591 217 186 650 30 913 265 851 54 660 821 201 607 615 863 8 728 715 484 909 788 170 5 476 540 718 361 191 38 515 545 349 106 638 586 532 159 86 197 57 543 511 66 898 997 663 261 211 915 51 150 874 251 695 564 63 692 475 485 245 462 91 309 930 443 844 648 182 713 688 901 751 460 516 100 912 811 304 984 453 768 475 809 531 752 38 427 877 589 499 162 228 243 763 943 851 444 
