9
14
13 7 17 14 11 18 6 14 10 11 4 3 15 16 
74
13 4 5 14 12 6 10 3 1 18 4 7 1 19 2 11 17 18 2 15 13 1 8 12 18 9 1 9 5 2 11 16 2 3 14 1 11 19 3 12 15 6 10 6 3 18 18 1 5 18 7 10 14 5 16 14 16 7 11 8 16 3 7 1 11 13 14 12 6 6 5 19 19 7 
51
20 7 2 2 15 5 13 7 3 1 13 14 19 18 20 17 16 14 14 9 1 19 20 1 14 13 5 9 5 10 11 18 1 8 4 10 2 16 7 16 2 7 16 4 13 2 14 11 1 14 1 
86
17 16 15 15 19 2 17 11 15 15 14 18 3 6 9 18 13 9 1 14 18 4 16 17 12 2 7 7 4 7 13 20 9 9 1 18 20 1 11 9 19 9 12 11 6 4 17 1 1 1 8 7 1 11 7 8 18 13 13 11 13 14 17 11 11 3 13 3 7 19 2 7 3 1 18 15 16 10 1 1 16 5 16 20 19 2 
30
13 18 14 11 15 2 9 19 8 1 18 5 15 8 11 6 20 11 19 4 4 2 4 16 10 2 8 14 12 5 
76
12 15 9 5 9 3 17 14 2 11 16 20 14 9 5 9 6 14 19 10 14 18 19 8 11 3 2 18 9 20 6 4 4 1 3 13 3 11 18 14 20 6 9 14 8 16 9 13 2 5 2 11 17 16 7 8 8 5 18 2 9 19 20 13 9 8 20 16 13 8 4 15 18 13 3 13 
20
13 1 1 11 20 8 13 20 17 13 15 18 6 1 11 17 10 2 2 3 
75
3 12 1 13 19 17 11 17 9 19 6 14 9 15 2 2 7 17 10 14 14 12 16 13 14 4 1 6 14 17 13 16 2 9 4 9 5 7 20 16 7 5 13 8 2 12 12 3 19 4 8 3 6 12 20 6 6 11 13 14 18 8 14 19 19 20 18 10 6 11 18 9 4 17 6 
91
15 17 8 13 3 9 14 8 20 20 8 9 4 13 4 17 14 12 10 8 18 20 12 4 15 13 5 15 13 1 11 20 14 11 6 7 16 8 9 20 12 16 1 13 5 20 3 8 16 13 12 8 16 17 5 13 1 2 18 6 8 15 12 6 10 13 16 13 3 14 5 9 8 16 1 6 7 5 13 11 14 7 8 14 4 19 4 14 15 1 17 
