6
159
31 3 10 9 20 22 6 21 4 19 6 29 25 32 15 19 33 27 24 10 18 20 36 37 26 3 13 24 15 5 22 40 38 28 20 6 1 33 5 13 31 3 10 20 21 25 26 10 37 30 20 8 17 15 14 10 10 5 35 23 4 8 6 21 16 6 29 22 36 17 39 5 25 4 28 11 9 20 15 14 33 14 16 2 37 32 14 10 23 13 7 1 11 15 34 5 24 37 29 9 8 32 31 30 22 15 38 34 22 4 27 27 6 35 5 36 19 17 36 17 39 35 5 6 23 37 4 30 23 30 21 38 28 10 33 11 34 17 9 28 6 26 1 30 23 25 3 30 35 25 3 1 24 19 18 32 36 7 38 
56
5 26 14 17 27 12 26 4 28 9 19 9 38 7 37 38 38 28 2 32 40 25 25 23 15 2 39 40 15 32 20 34 8 11 40 18 28 13 9 1 25 31 31 11 10 22 28 13 39 34 34 13 8 34 8 33 
1
6 
258
15 30 3 18 33 27 20 16 15 35 22 31 6 37 23 40 2 35 16 25 10 3 26 5 33 8 34 38 1 27 5 38 8 17 27 4 34 9 22 11 31 21 24 29 39 4 5 18 14 9 12 8 4 37 24 4 18 9 2 16 15 30 7 37 14 28 14 39 32 14 37 5 38 24 13 22 39 16 8 3 25 30 11 22 31 33 34 18 12 11 35 16 11 14 38 2 39 8 40 34 17 31 2 23 33 16 5 16 16 36 12 29 10 15 12 2 29 32 22 8 4 29 9 19 14 40 8 10 16 2 34 38 29 10 5 10 34 38 15 4 40 2 13 2 25 7 14 19 20 5 34 2 25 30 38 30 18 35 15 19 12 27 13 27 32 3 31 26 40 31 19 8 4 15 40 4 5 16 35 18 25 4 34 2 25 13 11 12 38 7 3 38 18 3 7 5 12 35 5 23 21 20 28 4 33 39 19 7 7 26 20 11 4 27 7 16 38 40 40 2 1 28 8 19 30 32 11 40 14 34 3 6 11 13 17 25 8 40 37 20 8 30 33 40 14 2 21 4 30 12 9 40 19 6 34 25 1 40 
56
14 36 2 38 24 22 8 14 31 6 5 25 22 9 14 11 35 5 14 39 13 13 19 23 18 40 15 24 30 22 18 37 39 14 18 31 20 3 22 40 26 39 23 40 12 10 27 19 27 28 40 14 31 1 1 18 
280
25 18 9 27 18 12 2 21 34 36 19 10 15 7 31 12 36 33 9 27 27 39 12 22 37 18 10 21 15 30 2 28 18 16 35 10 13 23 15 6 6 17 36 29 13 32 33 23 4 23 39 37 24 18 18 10 1 15 34 39 27 37 4 4 39 33 6 9 29 32 14 11 9 15 34 28 23 11 24 27 15 29 21 35 21 39 39 22 38 6 28 19 14 1 21 1 2 22 22 22 24 13 34 32 39 30 37 33 5 20 40 3 17 5 16 34 17 24 3 22 38 9 36 16 20 26 11 10 19 4 1 26 18 21 3 21 39 20 31 35 40 4 21 17 30 15 31 7 12 29 10 16 7 33 15 22 25 37 29 9 27 28 29 27 17 31 27 20 15 32 33 23 11 19 20 4 3 15 4 1 22 33 12 13 26 35 4 19 28 35 18 10 1 20 38 29 26 18 40 15 27 37 7 1 13 14 13 35 12 7 12 29 2 23 8 11 38 39 2 34 21 28 14 1 20 3 24 15 7 21 40 16 6 18 33 9 16 15 31 13 6 15 9 29 32 32 30 14 2 29 19 38 7 36 20 9 18 28 37 14 9 37 32 24 13 16 26 20 19 20 13 8 39 17 24 7 37 23 22 28 
