10
52
79 85 30 55 17 16 87 48 40 66 11 5 55 33 24 49 63 97 48 49 55 7 73 61 50 66 60 51 74 1 63 80 88 36 58 39 21 26 81 24 45 11 27 33 2 68 51 85 12 53 18 6 
14
14 55 43 49 82 51 82 73 48 13 35 83 38 28 
53
16 61 87 47 75 39 92 54 45 70 63 32 59 60 64 37 41 23 42 73 73 38 3 96 71 23 15 98 92 63 21 13 82 71 42 95 24 40 40 55 33 58 64 92 22 59 87 30 92 94 10 62 11 
32
15 69 81 55 34 5 6 6 81 61 37 63 79 16 3 76 47 23 17 68 4 78 97 13 98 1 7 52 22 35 76 1 
18
1 19 25 43 90 98 49 57 40 42 66 99 74 89 59 56 82 35 
25
69 81 39 11 32 85 91 84 36 18 96 89 60 83 55 86 21 92 52 17 36 40 73 4 85 
45
47 54 60 19 40 39 53 73 5 15 24 45 43 37 61 84 94 40 16 70 85 79 26 78 32 63 78 78 47 6 94 34 84 61 14 41 94 3 82 78 100 74 64 13 5 
54
61 13 11 9 37 90 47 43 46 25 86 41 69 1 92 87 49 97 22 81 85 79 43 33 57 94 96 96 86 56 29 43 79 37 61 44 66 72 50 5 54 8 92 59 9 87 82 81 44 5 94 42 63 95 
71
25 43 29 68 74 95 75 80 72 100 53 85 30 26 38 51 1 51 20 43 37 19 47 69 36 10 73 58 60 25 97 29 6 29 76 60 19 48 47 40 86 16 11 23 57 82 67 84 28 45 73 73 79 60 68 45 54 78 62 63 90 91 80 75 38 30 79 14 13 80 53 
94
49 40 39 76 71 8 59 83 93 49 49 18 19 30 74 26 56 79 80 22 9 91 100 84 17 46 95 63 47 36 39 8 78 64 30 72 73 96 95 93 97 15 89 29 82 98 46 67 31 78 40 87 11 65 83 73 74 86 36 17 1 98 95 85 76 76 61 27 74 44 49 74 17 79 19 14 34 64 88 33 55 85 18 63 38 13 45 17 49 22 81 15 57 50 
