8
92
881 103 983 425 901 855 922 604 366 998 278 442 720 288 381 861 3 510 811 229 805 393 752 387 193 221 807 891 348 73 537 233 309 250 822 14 623 286 756 542 466 122 646 263 632 151 105 666 376 57 180 524 923 707 118 400 755 225 217 980 604 896 993 345 512 512 957 704 195 109 791 599 115 891 389 366 601 800 416 717 273 701 10 45 862 195 556 765 564 810 492 795 
64
41 871 449 467 459 539 361 770 760 13 504 788 73 875 254 422 861 900 702 878 128 429 917 314 197 553 632 993 809 781 407 612 759 51 657 63 673 886 395 212 767 298 674 636 478 232 154 552 464 673 944 521 193 145 996 918 551 628 899 713 913 316 358 38 
6
738 835 539 631 721 818 
65
485 110 609 260 383 660 365 613 11 505 978 993 778 294 733 843 811 57 332 127 354 885 222 247 584 246 819 878 132 978 768 417 811 587 36 263 263 679 963 633 875 657 526 930 835 226 280 383 899 368 330 353 292 296 494 363 401 734 716 78 331 558 513 851 126 
72
460 440 236 963 39 82 273 985 902 804 344 382 208 817 743 731 168 456 710 918 681 682 480 397 370 872 93 554 751 284 181 468 736 611 814 471 721 781 190 346 239 694 566 501 258 892 835 941 328 867 16 629 86 806 974 133 206 666 638 397 761 801 601 576 438 276 375 299 415 216 539 625 
88
333 29 658 670 870 617 685 510 306 846 694 35 310 244 926 664 783 131 863 777 370 354 247 598 740 722 832 776 407 873 543 322 366 52 662 661 381 472 379 619 37 94 986 331 201 328 331 16 441 954 971 263 449 75 219 389 197 184 323 80 526 82 575 898 868 768 893 619 89 217 597 703 510 564 603 289 517 649 32 948 832 776 235 826 678 114 804 452 
25
49 673 257 235 774 650 914 63 90 934 636 96 302 257 791 843 352 635 734 905 949 864 761 644 52 
28
753 352 838 250 208 663 228 204 897 279 212 472 276 332 523 753 466 835 452 862 149 703 181 51 93 94 228 894 
